{
 "cells": [
  {
   "cell_type": "code",
   "execution_count": 29,
   "metadata": {},
   "outputs": [],
   "source": [
    "import pandas as pd\n",
    "import numpy as np\n",
    "import seaborn as sns \n",
    "\n",
    "import scipy.stats as stats\n",
    "import statsmodels.api as sm\n",
    "from matplotlib import pyplot as plt"
   ]
  },
  {
   "cell_type": "markdown",
   "metadata": {},
   "source": [
    "# Hw - 1.1"
   ]
  },
  {
   "cell_type": "code",
   "execution_count": 6,
   "metadata": {},
   "outputs": [
    {
     "data": {
      "text/html": [
       "<div>\n",
       "<style scoped>\n",
       "    .dataframe tbody tr th:only-of-type {\n",
       "        vertical-align: middle;\n",
       "    }\n",
       "\n",
       "    .dataframe tbody tr th {\n",
       "        vertical-align: top;\n",
       "    }\n",
       "\n",
       "    .dataframe thead th {\n",
       "        text-align: right;\n",
       "    }\n",
       "</style>\n",
       "<table border=\"1\" class=\"dataframe\">\n",
       "  <thead>\n",
       "    <tr style=\"text-align: right;\">\n",
       "      <th></th>\n",
       "      <th>X1</th>\n",
       "      <th>X2</th>\n",
       "      <th>X3</th>\n",
       "    </tr>\n",
       "  </thead>\n",
       "  <tbody>\n",
       "    <tr>\n",
       "      <th>0</th>\n",
       "      <td>4</td>\n",
       "      <td>2</td>\n",
       "      <td>5</td>\n",
       "    </tr>\n",
       "    <tr>\n",
       "      <th>1</th>\n",
       "      <td>12</td>\n",
       "      <td>3</td>\n",
       "      <td>9</td>\n",
       "    </tr>\n",
       "    <tr>\n",
       "      <th>2</th>\n",
       "      <td>8</td>\n",
       "      <td>0</td>\n",
       "      <td>6</td>\n",
       "    </tr>\n",
       "    <tr>\n",
       "      <th>3</th>\n",
       "      <td>10</td>\n",
       "      <td>2</td>\n",
       "      <td>8</td>\n",
       "    </tr>\n",
       "    <tr>\n",
       "      <th>4</th>\n",
       "      <td>6</td>\n",
       "      <td>1</td>\n",
       "      <td>6</td>\n",
       "    </tr>\n",
       "    <tr>\n",
       "      <th>5</th>\n",
       "      <td>8</td>\n",
       "      <td>4</td>\n",
       "      <td>2</td>\n",
       "    </tr>\n",
       "  </tbody>\n",
       "</table>\n",
       "</div>"
      ],
      "text/plain": [
       "   X1  X2  X3\n",
       "0   4   2   5\n",
       "1  12   3   9\n",
       "2   8   0   6\n",
       "3  10   2   8\n",
       "4   6   1   6\n",
       "5   8   4   2"
      ]
     },
     "execution_count": 6,
     "metadata": {},
     "output_type": "execute_result"
    }
   ],
   "source": [
    "a = np.array([[4,2,5], [12, 3, 9], [8, 0, 6], [10, 2, 8], [6, 1, 6], [8, 4, 2]])\n",
    "data = pd.DataFrame(a, columns=['X1', 'X2', 'X3'])\n",
    "data"
   ]
  },
  {
   "cell_type": "code",
   "execution_count": 13,
   "metadata": {},
   "outputs": [
    {
     "name": "stdout",
     "output_type": "stream",
     "text": [
      "평균 :  X1    8.0\n",
      "X2    2.0\n",
      "X3    6.0\n",
      "dtype: float64\n",
      "분산 :  X1    8.0\n",
      "X2    2.0\n",
      "X3    6.0\n",
      "dtype: float64\n"
     ]
    }
   ],
   "source": [
    "print('평균 : ', data.mean())\n",
    "print('분산 : ', data.var())"
   ]
  },
  {
   "cell_type": "code",
   "execution_count": 10,
   "metadata": {},
   "outputs": [
    {
     "data": {
      "text/html": [
       "<div>\n",
       "<style scoped>\n",
       "    .dataframe tbody tr th:only-of-type {\n",
       "        vertical-align: middle;\n",
       "    }\n",
       "\n",
       "    .dataframe tbody tr th {\n",
       "        vertical-align: top;\n",
       "    }\n",
       "\n",
       "    .dataframe thead th {\n",
       "        text-align: right;\n",
       "    }\n",
       "</style>\n",
       "<table border=\"1\" class=\"dataframe\">\n",
       "  <thead>\n",
       "    <tr style=\"text-align: right;\">\n",
       "      <th></th>\n",
       "      <th>X1</th>\n",
       "      <th>X2</th>\n",
       "      <th>X3</th>\n",
       "    </tr>\n",
       "  </thead>\n",
       "  <tbody>\n",
       "    <tr>\n",
       "      <th>X1</th>\n",
       "      <td>8.0</td>\n",
       "      <td>1.2</td>\n",
       "      <td>4.0</td>\n",
       "    </tr>\n",
       "    <tr>\n",
       "      <th>X2</th>\n",
       "      <td>1.2</td>\n",
       "      <td>2.0</td>\n",
       "      <td>-1.0</td>\n",
       "    </tr>\n",
       "    <tr>\n",
       "      <th>X3</th>\n",
       "      <td>4.0</td>\n",
       "      <td>-1.0</td>\n",
       "      <td>6.0</td>\n",
       "    </tr>\n",
       "  </tbody>\n",
       "</table>\n",
       "</div>"
      ],
      "text/plain": [
       "     X1   X2   X3\n",
       "X1  8.0  1.2  4.0\n",
       "X2  1.2  2.0 -1.0\n",
       "X3  4.0 -1.0  6.0"
      ]
     },
     "execution_count": 10,
     "metadata": {},
     "output_type": "execute_result"
    }
   ],
   "source": [
    "data.cov()   # 변수간 공분산 행렬(변수간 linear 관련 정도)"
   ]
  },
  {
   "cell_type": "code",
   "execution_count": 14,
   "metadata": {},
   "outputs": [
    {
     "data": {
      "text/html": [
       "<div>\n",
       "<style scoped>\n",
       "    .dataframe tbody tr th:only-of-type {\n",
       "        vertical-align: middle;\n",
       "    }\n",
       "\n",
       "    .dataframe tbody tr th {\n",
       "        vertical-align: top;\n",
       "    }\n",
       "\n",
       "    .dataframe thead th {\n",
       "        text-align: right;\n",
       "    }\n",
       "</style>\n",
       "<table border=\"1\" class=\"dataframe\">\n",
       "  <thead>\n",
       "    <tr style=\"text-align: right;\">\n",
       "      <th></th>\n",
       "      <th>X1</th>\n",
       "      <th>X2</th>\n",
       "      <th>X3</th>\n",
       "    </tr>\n",
       "  </thead>\n",
       "  <tbody>\n",
       "    <tr>\n",
       "      <th>X1</th>\n",
       "      <td>1.00000</td>\n",
       "      <td>0.300000</td>\n",
       "      <td>0.577350</td>\n",
       "    </tr>\n",
       "    <tr>\n",
       "      <th>X2</th>\n",
       "      <td>0.30000</td>\n",
       "      <td>1.000000</td>\n",
       "      <td>-0.288675</td>\n",
       "    </tr>\n",
       "    <tr>\n",
       "      <th>X3</th>\n",
       "      <td>0.57735</td>\n",
       "      <td>-0.288675</td>\n",
       "      <td>1.000000</td>\n",
       "    </tr>\n",
       "  </tbody>\n",
       "</table>\n",
       "</div>"
      ],
      "text/plain": [
       "         X1        X2        X3\n",
       "X1  1.00000  0.300000  0.577350\n",
       "X2  0.30000  1.000000 -0.288675\n",
       "X3  0.57735 -0.288675  1.000000"
      ]
     },
     "execution_count": 14,
     "metadata": {},
     "output_type": "execute_result"
    }
   ],
   "source": [
    "data.corr()   # 표본 상관계수 행렬(공분산의 표준화!)"
   ]
  },
  {
   "cell_type": "markdown",
   "metadata": {},
   "source": [
    "# Hw - 2.2"
   ]
  },
  {
   "cell_type": "code",
   "execution_count": 19,
   "metadata": {},
   "outputs": [
    {
     "data": {
      "text/html": [
       "<div>\n",
       "<style scoped>\n",
       "    .dataframe tbody tr th:only-of-type {\n",
       "        vertical-align: middle;\n",
       "    }\n",
       "\n",
       "    .dataframe tbody tr th {\n",
       "        vertical-align: top;\n",
       "    }\n",
       "\n",
       "    .dataframe thead th {\n",
       "        text-align: right;\n",
       "    }\n",
       "</style>\n",
       "<table border=\"1\" class=\"dataframe\">\n",
       "  <thead>\n",
       "    <tr style=\"text-align: right;\">\n",
       "      <th></th>\n",
       "      <th>SO2</th>\n",
       "      <th>TEMP</th>\n",
       "      <th>MANUF</th>\n",
       "      <th>POP</th>\n",
       "      <th>WIND</th>\n",
       "      <th>PRECIP</th>\n",
       "      <th>DAYS</th>\n",
       "    </tr>\n",
       "  </thead>\n",
       "  <tbody>\n",
       "    <tr>\n",
       "      <th>0</th>\n",
       "      <td>10</td>\n",
       "      <td>70.3</td>\n",
       "      <td>213</td>\n",
       "      <td>582</td>\n",
       "      <td>6.0</td>\n",
       "      <td>7.05</td>\n",
       "      <td>36</td>\n",
       "    </tr>\n",
       "    <tr>\n",
       "      <th>1</th>\n",
       "      <td>13</td>\n",
       "      <td>61.0</td>\n",
       "      <td>91</td>\n",
       "      <td>132</td>\n",
       "      <td>8.2</td>\n",
       "      <td>48.52</td>\n",
       "      <td>100</td>\n",
       "    </tr>\n",
       "    <tr>\n",
       "      <th>2</th>\n",
       "      <td>12</td>\n",
       "      <td>56.7</td>\n",
       "      <td>453</td>\n",
       "      <td>716</td>\n",
       "      <td>8.7</td>\n",
       "      <td>20.66</td>\n",
       "      <td>67</td>\n",
       "    </tr>\n",
       "    <tr>\n",
       "      <th>3</th>\n",
       "      <td>17</td>\n",
       "      <td>51.9</td>\n",
       "      <td>454</td>\n",
       "      <td>515</td>\n",
       "      <td>9.0</td>\n",
       "      <td>12.95</td>\n",
       "      <td>86</td>\n",
       "    </tr>\n",
       "    <tr>\n",
       "      <th>4</th>\n",
       "      <td>56</td>\n",
       "      <td>49.1</td>\n",
       "      <td>412</td>\n",
       "      <td>158</td>\n",
       "      <td>9.0</td>\n",
       "      <td>43.37</td>\n",
       "      <td>127</td>\n",
       "    </tr>\n",
       "  </tbody>\n",
       "</table>\n",
       "</div>"
      ],
      "text/plain": [
       "   SO2  TEMP  MANUF  POP  WIND  PRECIP  DAYS\n",
       "0   10  70.3    213  582   6.0    7.05    36\n",
       "1   13  61.0     91  132   8.2   48.52   100\n",
       "2   12  56.7    453  716   8.7   20.66    67\n",
       "3   17  51.9    454  515   9.0   12.95    86\n",
       "4   56  49.1    412  158   9.0   43.37   127"
      ]
     },
     "execution_count": 19,
     "metadata": {},
     "output_type": "execute_result"
    }
   ],
   "source": [
    "# data load\n",
    "dt = pd.read_table('usair.dat', sep=\"\\s+\")\n",
    "dt.head()"
   ]
  },
  {
   "cell_type": "code",
   "execution_count": 72,
   "metadata": {},
   "outputs": [
    {
     "data": {
      "text/plain": [
       "(41, 7)"
      ]
     },
     "execution_count": 72,
     "metadata": {},
     "output_type": "execute_result"
    }
   ],
   "source": [
    "dt.shape   # 41개의 영국 도시의 대기 오염 관련 요소를 모아놓은 데이터"
   ]
  },
  {
   "cell_type": "code",
   "execution_count": 21,
   "metadata": {},
   "outputs": [
    {
     "name": "stdout",
     "output_type": "stream",
     "text": [
      "평균 :  SO2        30.048780\n",
      "TEMP       55.763415\n",
      "MANUF     463.097561\n",
      "POP       608.609756\n",
      "WIND        9.443902\n",
      "PRECIP     36.769024\n",
      "DAYS      113.902439\n",
      "dtype: float64\n",
      "--------------------------\n",
      "분산 :  SO2          550.947561\n",
      "TEMP          52.239878\n",
      "MANUF     317502.890244\n",
      "POP       335371.893902\n",
      "WIND           2.041024\n",
      "PRECIP       138.569384\n",
      "DAYS         702.590244\n",
      "dtype: float64\n"
     ]
    }
   ],
   "source": [
    "# (a)\n",
    "print('평균 : ', dt.mean())\n",
    "print('--------------------------')\n",
    "print('분산 : ', dt.var())"
   ]
  },
  {
   "cell_type": "code",
   "execution_count": 23,
   "metadata": {},
   "outputs": [
    {
     "data": {
      "text/html": [
       "<div>\n",
       "<style scoped>\n",
       "    .dataframe tbody tr th:only-of-type {\n",
       "        vertical-align: middle;\n",
       "    }\n",
       "\n",
       "    .dataframe tbody tr th {\n",
       "        vertical-align: top;\n",
       "    }\n",
       "\n",
       "    .dataframe thead th {\n",
       "        text-align: right;\n",
       "    }\n",
       "</style>\n",
       "<table border=\"1\" class=\"dataframe\">\n",
       "  <thead>\n",
       "    <tr style=\"text-align: right;\">\n",
       "      <th></th>\n",
       "      <th>SO2</th>\n",
       "      <th>TEMP</th>\n",
       "      <th>MANUF</th>\n",
       "      <th>POP</th>\n",
       "      <th>WIND</th>\n",
       "      <th>PRECIP</th>\n",
       "      <th>DAYS</th>\n",
       "    </tr>\n",
       "  </thead>\n",
       "  <tbody>\n",
       "    <tr>\n",
       "      <th>SO2</th>\n",
       "      <td>550.947561</td>\n",
       "      <td>-73.560671</td>\n",
       "      <td>8527.720122</td>\n",
       "      <td>6711.994512</td>\n",
       "      <td>3.175305</td>\n",
       "      <td>15.001799</td>\n",
       "      <td>229.929878</td>\n",
       "    </tr>\n",
       "    <tr>\n",
       "      <th>TEMP</th>\n",
       "      <td>-73.560671</td>\n",
       "      <td>52.239878</td>\n",
       "      <td>-773.971341</td>\n",
       "      <td>-262.349634</td>\n",
       "      <td>-3.611354</td>\n",
       "      <td>32.862988</td>\n",
       "      <td>-82.426159</td>\n",
       "    </tr>\n",
       "    <tr>\n",
       "      <th>MANUF</th>\n",
       "      <td>8527.720122</td>\n",
       "      <td>-773.971341</td>\n",
       "      <td>317502.890244</td>\n",
       "      <td>311718.814024</td>\n",
       "      <td>191.548110</td>\n",
       "      <td>-215.019902</td>\n",
       "      <td>1968.959756</td>\n",
       "    </tr>\n",
       "    <tr>\n",
       "      <th>POP</th>\n",
       "      <td>6711.994512</td>\n",
       "      <td>-262.349634</td>\n",
       "      <td>311718.814024</td>\n",
       "      <td>335371.893902</td>\n",
       "      <td>175.930061</td>\n",
       "      <td>-178.052890</td>\n",
       "      <td>645.985976</td>\n",
       "    </tr>\n",
       "    <tr>\n",
       "      <th>WIND</th>\n",
       "      <td>3.175305</td>\n",
       "      <td>-3.611354</td>\n",
       "      <td>191.548110</td>\n",
       "      <td>175.930061</td>\n",
       "      <td>2.041024</td>\n",
       "      <td>-0.218531</td>\n",
       "      <td>6.214390</td>\n",
       "    </tr>\n",
       "    <tr>\n",
       "      <th>PRECIP</th>\n",
       "      <td>15.001799</td>\n",
       "      <td>32.862988</td>\n",
       "      <td>-215.019902</td>\n",
       "      <td>-178.052890</td>\n",
       "      <td>-0.218531</td>\n",
       "      <td>138.569384</td>\n",
       "      <td>154.792902</td>\n",
       "    </tr>\n",
       "    <tr>\n",
       "      <th>DAYS</th>\n",
       "      <td>229.929878</td>\n",
       "      <td>-82.426159</td>\n",
       "      <td>1968.959756</td>\n",
       "      <td>645.985976</td>\n",
       "      <td>6.214390</td>\n",
       "      <td>154.792902</td>\n",
       "      <td>702.590244</td>\n",
       "    </tr>\n",
       "  </tbody>\n",
       "</table>\n",
       "</div>"
      ],
      "text/plain": [
       "                SO2        TEMP          MANUF            POP        WIND  \\\n",
       "SO2      550.947561  -73.560671    8527.720122    6711.994512    3.175305   \n",
       "TEMP     -73.560671   52.239878    -773.971341    -262.349634   -3.611354   \n",
       "MANUF   8527.720122 -773.971341  317502.890244  311718.814024  191.548110   \n",
       "POP     6711.994512 -262.349634  311718.814024  335371.893902  175.930061   \n",
       "WIND       3.175305   -3.611354     191.548110     175.930061    2.041024   \n",
       "PRECIP    15.001799   32.862988    -215.019902    -178.052890   -0.218531   \n",
       "DAYS     229.929878  -82.426159    1968.959756     645.985976    6.214390   \n",
       "\n",
       "            PRECIP         DAYS  \n",
       "SO2      15.001799   229.929878  \n",
       "TEMP     32.862988   -82.426159  \n",
       "MANUF  -215.019902  1968.959756  \n",
       "POP    -178.052890   645.985976  \n",
       "WIND     -0.218531     6.214390  \n",
       "PRECIP  138.569384   154.792902  \n",
       "DAYS    154.792902   702.590244  "
      ]
     },
     "execution_count": 23,
     "metadata": {},
     "output_type": "execute_result"
    }
   ],
   "source": [
    "# 표본 공분산 행렬 (변수별 선형 연관도)\n",
    "dt.cov() "
   ]
  },
  {
   "cell_type": "code",
   "execution_count": 24,
   "metadata": {},
   "outputs": [
    {
     "data": {
      "text/html": [
       "<div>\n",
       "<style scoped>\n",
       "    .dataframe tbody tr th:only-of-type {\n",
       "        vertical-align: middle;\n",
       "    }\n",
       "\n",
       "    .dataframe tbody tr th {\n",
       "        vertical-align: top;\n",
       "    }\n",
       "\n",
       "    .dataframe thead th {\n",
       "        text-align: right;\n",
       "    }\n",
       "</style>\n",
       "<table border=\"1\" class=\"dataframe\">\n",
       "  <thead>\n",
       "    <tr style=\"text-align: right;\">\n",
       "      <th></th>\n",
       "      <th>SO2</th>\n",
       "      <th>TEMP</th>\n",
       "      <th>MANUF</th>\n",
       "      <th>POP</th>\n",
       "      <th>WIND</th>\n",
       "      <th>PRECIP</th>\n",
       "      <th>DAYS</th>\n",
       "    </tr>\n",
       "  </thead>\n",
       "  <tbody>\n",
       "    <tr>\n",
       "      <th>SO2</th>\n",
       "      <td>1.000000</td>\n",
       "      <td>-0.433600</td>\n",
       "      <td>0.644769</td>\n",
       "      <td>0.493780</td>\n",
       "      <td>0.094690</td>\n",
       "      <td>0.054294</td>\n",
       "      <td>0.369564</td>\n",
       "    </tr>\n",
       "    <tr>\n",
       "      <th>TEMP</th>\n",
       "      <td>-0.433600</td>\n",
       "      <td>1.000000</td>\n",
       "      <td>-0.190042</td>\n",
       "      <td>-0.062678</td>\n",
       "      <td>-0.349740</td>\n",
       "      <td>0.386253</td>\n",
       "      <td>-0.430242</td>\n",
       "    </tr>\n",
       "    <tr>\n",
       "      <th>MANUF</th>\n",
       "      <td>0.644769</td>\n",
       "      <td>-0.190042</td>\n",
       "      <td>1.000000</td>\n",
       "      <td>0.955269</td>\n",
       "      <td>0.237947</td>\n",
       "      <td>-0.032417</td>\n",
       "      <td>0.131829</td>\n",
       "    </tr>\n",
       "    <tr>\n",
       "      <th>POP</th>\n",
       "      <td>0.493780</td>\n",
       "      <td>-0.062678</td>\n",
       "      <td>0.955269</td>\n",
       "      <td>1.000000</td>\n",
       "      <td>0.212644</td>\n",
       "      <td>-0.026119</td>\n",
       "      <td>0.042083</td>\n",
       "    </tr>\n",
       "    <tr>\n",
       "      <th>WIND</th>\n",
       "      <td>0.094690</td>\n",
       "      <td>-0.349740</td>\n",
       "      <td>0.237947</td>\n",
       "      <td>0.212644</td>\n",
       "      <td>1.000000</td>\n",
       "      <td>-0.012994</td>\n",
       "      <td>0.164106</td>\n",
       "    </tr>\n",
       "    <tr>\n",
       "      <th>PRECIP</th>\n",
       "      <td>0.054294</td>\n",
       "      <td>0.386253</td>\n",
       "      <td>-0.032417</td>\n",
       "      <td>-0.026119</td>\n",
       "      <td>-0.012994</td>\n",
       "      <td>1.000000</td>\n",
       "      <td>0.496097</td>\n",
       "    </tr>\n",
       "    <tr>\n",
       "      <th>DAYS</th>\n",
       "      <td>0.369564</td>\n",
       "      <td>-0.430242</td>\n",
       "      <td>0.131829</td>\n",
       "      <td>0.042083</td>\n",
       "      <td>0.164106</td>\n",
       "      <td>0.496097</td>\n",
       "      <td>1.000000</td>\n",
       "    </tr>\n",
       "  </tbody>\n",
       "</table>\n",
       "</div>"
      ],
      "text/plain": [
       "             SO2      TEMP     MANUF       POP      WIND    PRECIP      DAYS\n",
       "SO2     1.000000 -0.433600  0.644769  0.493780  0.094690  0.054294  0.369564\n",
       "TEMP   -0.433600  1.000000 -0.190042 -0.062678 -0.349740  0.386253 -0.430242\n",
       "MANUF   0.644769 -0.190042  1.000000  0.955269  0.237947 -0.032417  0.131829\n",
       "POP     0.493780 -0.062678  0.955269  1.000000  0.212644 -0.026119  0.042083\n",
       "WIND    0.094690 -0.349740  0.237947  0.212644  1.000000 -0.012994  0.164106\n",
       "PRECIP  0.054294  0.386253 -0.032417 -0.026119 -0.012994  1.000000  0.496097\n",
       "DAYS    0.369564 -0.430242  0.131829  0.042083  0.164106  0.496097  1.000000"
      ]
     },
     "execution_count": 24,
     "metadata": {},
     "output_type": "execute_result"
    }
   ],
   "source": [
    "#(b) 표본 상관계수 행렬\n",
    "dt.corr()"
   ]
  },
  {
   "cell_type": "code",
   "execution_count": 26,
   "metadata": {},
   "outputs": [
    {
     "data": {
      "text/plain": [
       "Index(['SO2', 'TEMP', 'MANUF', 'POP', 'WIND', 'PRECIP', 'DAYS'], dtype='object')"
      ]
     },
     "execution_count": 26,
     "metadata": {},
     "output_type": "execute_result"
    }
   ],
   "source": [
    "dt.columns"
   ]
  },
  {
   "cell_type": "code",
   "execution_count": 61,
   "metadata": {},
   "outputs": [
    {
     "data": {
